#T	p	rho	Volume	Internal Energy	Enthalpy	Entropy	Cv	Cp	Sound Spd.	Joule-Thomson	Viscosity	Therm. Cond.
100	0.10132	3.4831	0.2871	2.0392	2.8541	159.39	21.053	30.025	201.61	16.085	6.9588	0.009382
110	0.10132	3.1508	0.31738	2.2521	3.153	162.24	20.969	29.778	212.07	13.462	7.6082	0.010335
120	0.10132	2.8782	0.34744	2.4637	3.4499	164.82	20.918	29.618	221.96	11.496	8.2449	0.011274
130	0.10132	2.6502	0.37733	2.6745	3.7455	167.19	20.885	29.509	231.36	9.9702	8.869	0.012199
140	0.10132	2.4563	0.40712	2.8846	4.0402	169.37	20.863	29.431	240.35	8.7526	9.4807	0.013109
150	0.10132	2.2893	0.43681	3.0943	4.3342	171.4	20.847	29.374	248.99	7.7591	10.08	0.014005
160	0.10132	2.1439	0.46645	3.3037	4.6277	173.29	20.836	29.33	257.32	6.9336	10.668	0.014887
170	0.10132	2.016	0.49603	3.5129	4.9209	175.07	20.829	29.297	265.37	6.2371	11.245	0.015755
180	0.10132	1.9027	0.52558	3.7219	5.2137	176.74	20.823	29.27	273.17	5.6418	11.811	0.01661
190	0.10132	1.8015	0.55509	3.9307	5.5063	178.32	20.818	29.249	280.74	5.1273	12.366	0.017451
200	0.10132	1.7107	0.58457	4.1394	5.7987	179.82	20.815	29.232	288.1	4.6784	12.911	0.01828
210	0.10132	1.6286	0.61403	4.348	6.0909	181.25	20.812	29.218	295.28	4.2833	13.447	0.019097
220	0.10132	1.5541	0.64348	4.5566	6.3831	182.61	20.811	29.207	302.27	3.9331	13.973	0.019902
230	0.10132	1.4861	0.6729	4.7651	6.6751	183.91	20.809	29.197	309.11	3.6206	14.49	0.020696
240	0.10132	1.4239	0.70232	4.9735	6.967	185.15	20.809	29.189	315.79	3.34	14.999	0.021479
250	0.10132	1.3666	0.73172	5.1819	7.2589	186.34	20.809	29.183	322.33	3.0868	15.5	0.022251
260	0.10132	1.3139	0.76111	5.3903	7.5507	187.49	20.809	29.178	328.74	2.8572	15.992	0.023013
270	0.10132	1.265	0.7905	5.5986	7.8424	188.59	20.81	29.175	335.02	2.6481	16.477	0.023766
280	0.10132	1.2197	0.81987	5.807	8.1342	189.65	20.812	29.172	341.18	2.4568	16.955	0.024509
290	0.10132	1.1775	0.84924	6.0153	8.4259	190.67	20.815	29.172	347.22	2.2813	17.426	0.025243
300	0.10132	1.1382	0.87861	6.2237	8.7176	191.66	20.819	29.172	353.16	2.1196	17.89	0.025969
310	0.10132	1.1014	0.90797	6.4321	9.0093	192.62	20.824	29.174	359	1.9702	18.348	0.026686
320	0.10132	1.0669	0.93732	6.6405	9.3011	193.54	20.83	29.177	364.73	1.8318	18.799	0.027395
330	0.10132	1.0345	0.96667	6.849	9.5929	194.44	20.837	29.183	370.38	1.7032	19.244	0.028096
340	0.10132	1.004	0.99601	7.0576	9.8848	195.31	20.846	29.19	375.93	1.5834	19.684	0.028789
350	0.10132	0.97527	1.0254	7.2663	10.177	196.16	20.857	29.198	381.4	1.4716	20.117	0.029476
360	0.10132	0.94814	1.0547	7.475	10.469	196.98	20.869	29.209	386.78	1.3671	20.546	0.030155
370	0.10132	0.92249	1.084	7.6839	10.761	197.78	20.884	29.222	392.08	1.269	20.969	0.030827
380	0.10132	0.89818	1.1134	7.8929	11.053	198.56	20.9	29.237	397.3	1.177	21.387	0.031493
390	0.10132	0.87513	1.1427	8.1021	11.346	199.32	20.918	29.254	402.44	1.0904	21.8	0.032153
400	0.10132	0.85323	1.172	8.3115	11.638	200.06	20.939	29.273	407.51	1.0088	22.208	0.032806
410	0.10132	0.8324	1.2013	8.5211	11.931	200.79	20.962	29.295	412.51	0.93186	22.612	0.033454
420	0.10132	0.81257	1.2307	8.7309	12.224	201.49	20.987	29.319	417.44	0.85914	23.012	0.034096
430	0.10132	0.79366	1.26	8.941	12.517	202.18	21.014	29.345	422.31	0.79033	23.407	0.034732
440	0.10132	0.77561	1.2893	9.1514	12.811	202.86	21.043	29.374	427.1	0.72517	23.798	0.035363
450	0.10132	0.75836	1.3186	9.3621	13.105	203.52	21.075	29.405	431.84	0.66337	24.185	0.035988
460	0.10132	0.74187	1.3479	9.5731	13.399	204.16	21.109	29.438	436.51	0.60472	24.568	0.036609
470	0.10132	0.72608	1.3773	9.7844	13.694	204.8	21.146	29.474	441.12	0.54899	24.947	0.037225
480	0.10132	0.71095	1.4066	9.9961	13.989	205.42	21.185	29.512	445.67	0.496	25.322	0.037835
490	0.10132	0.69643	1.4359	10.208	14.284	206.03	21.225	29.552	450.16	0.44556	25.694	0.038442
500	0.10132	0.6825	1.4652	10.421	14.58	206.62	21.268	29.594	454.6	0.39752	26.063	0.039043
510	0.10132	0.66911	1.4945	10.634	14.876	207.21	21.313	29.639	458.99	0.35172	26.428	0.039641
520	0.10132	0.65624	1.5238	10.847	15.172	207.79	21.36	29.685	463.32	0.30804	26.79	0.040234
530	0.10132	0.64386	1.5531	11.061	15.47	208.35	21.409	29.733	467.6	0.26634	27.149	0.040823
540	0.10132	0.63193	1.5824	11.275	15.767	208.91	21.46	29.784	471.84	0.22652	27.504	0.041408
550	0.10132	0.62044	1.6118	11.49	16.065	209.46	21.512	29.835	476.02	0.18847	27.857	0.041989
560	0.10132	0.60936	1.6411	11.706	16.364	209.99	21.566	29.889	480.16	0.15208	28.206	0.042567
570	0.10132	0.59867	1.6704	11.922	16.663	210.52	21.621	29.944	484.25	0.11726	28.553	0.043141
580	0.10132	0.58835	1.6997	12.138	16.963	211.04	21.678	30.001	488.3	0.083943	28.897	0.043711
590	0.10132	0.57837	1.729	12.355	17.263	211.56	21.737	30.059	492.31	0.052033	29.238	0.044277
600	0.10132	0.56873	1.7583	12.573	17.564	212.06	21.796	30.118	496.27	0.02146	29.577	0.044841
610	0.10132	0.55941	1.7876	12.791	17.865	212.56	21.857	30.179	500.2	-0.0078453	29.913	0.045401
620	0.10132	0.55039	1.8169	13.01	18.168	213.05	21.919	30.24	504.08	-0.035947	30.247	0.045958
630	0.10132	0.54165	1.8462	13.23	18.47	213.54	21.982	30.303	507.93	-0.062907	30.578	0.046511
640	0.10132	0.53319	1.8755	13.45	18.774	214.02	22.046	30.366	511.74	-0.088782	30.907	0.047062
650	0.10132	0.52499	1.9048	13.671	19.078	214.49	22.11	30.431	515.51	-0.11362	31.233	0.04761
660	0.10132	0.51703	1.9341	13.892	19.382	214.95	22.175	30.496	519.25	-0.13749	31.557	0.048154
670	0.10132	0.50932	1.9634	14.114	19.687	215.41	22.241	30.561	522.95	-0.16042	31.879	0.048696
680	0.10132	0.50183	1.9927	14.337	19.993	215.86	22.307	30.627	526.63	-0.18245	32.199	0.049236
690	0.10132	0.49456	2.022	14.561	20.3	216.31	22.374	30.694	530.27	-0.20365	32.517	0.049772
700	0.10132	0.48749	2.0513	14.785	20.607	216.75	22.442	30.761	533.88	-0.22403	32.833	0.050306
710	0.10132	0.48063	2.0806	15.009	20.915	217.19	22.509	30.828	537.45	-0.24365	33.146	0.050837
720	0.10132	0.47395	2.1099	15.235	21.224	217.62	22.577	30.896	541	-0.26254	33.458	0.051366
730	0.10132	0.46746	2.1392	15.461	21.533	218.05	22.645	30.964	544.53	-0.28072	33.768	0.051893
740	0.10132	0.46114	2.1685	15.688	21.843	218.47	22.713	31.032	548.02	-0.29824	34.076	0.052417
750	0.10132	0.455	2.1978	15.915	22.154	218.89	22.781	31.1	551.49	-0.31512	34.382	0.052939
760	0.10132	0.44901	2.2271	16.144	22.465	219.3	22.849	31.168	554.93	-0.33139	34.686	0.053458
770	0.10132	0.44318	2.2564	16.372	22.777	219.71	22.917	31.236	558.34	-0.34708	34.989	0.053975
780	0.10132	0.4375	2.2857	16.602	23.09	220.11	22.985	31.304	561.73	-0.36221	35.29	0.05449
790	0.10132	0.43196	2.315	16.832	23.403	220.51	23.053	31.371	565.1	-0.37682	35.589	0.055003
800	0.10132	0.42656	2.3443	17.063	23.717	220.91	23.121	31.439	568.44	-0.39091	35.887	0.055514
810	0.10132	0.4213	2.3736	17.295	24.032	221.3	23.188	31.506	571.76	-0.40452	36.183	0.056023
820	0.10132	0.41616	2.4029	17.527	24.347	221.68	23.256	31.573	575.06	-0.41766	36.477	0.05653
830	0.10132	0.41115	2.4322	17.76	24.663	222.07	23.322	31.64	578.33	-0.43036	36.77	0.057035
840	0.10132	0.40626	2.4615	17.993	24.98	222.45	23.389	31.706	581.58	-0.44263	37.061	0.057538
850	0.10132	0.40148	2.4908	18.228	25.298	222.82	23.455	31.773	584.82	-0.45449	37.351	0.05804
860	0.10132	0.39681	2.5201	18.462	25.616	223.19	23.521	31.838	588.03	-0.46596	37.64	0.058539
870	0.10132	0.39225	2.5494	18.698	25.934	223.56	23.586	31.903	591.22	-0.47705	37.927	0.059037
880	0.10132	0.38779	2.5787	18.934	26.254	223.93	23.651	31.968	594.4	-0.48779	38.213	0.059533
890	0.10132	0.38344	2.608	19.171	26.574	224.29	23.715	32.032	597.55	-0.49817	38.497	0.060027
900	0.10132	0.37918	2.6373	19.408	26.894	224.65	23.779	32.096	600.69	-0.50823	38.78	0.06052
910	0.10132	0.37501	2.6666	19.647	27.216	225	23.842	32.159	603.8	-0.51797	39.062	0.061011
920	0.10132	0.37094	2.6959	19.885	27.538	225.35	23.905	32.222	606.9	-0.52741	39.342	0.061501
930	0.10132	0.36695	2.7252	20.125	27.86	225.7	23.967	32.284	609.99	-0.53655	39.622	0.061989
940	0.10132	0.36305	2.7545	20.365	28.183	226.05	24.029	32.346	613.05	-0.54541	39.9	0.062475
950	0.10132	0.35922	2.7838	20.605	28.507	226.39	24.09	32.407	616.1	-0.554	40.176	0.06296
960	0.10132	0.35548	2.8131	20.847	28.831	226.73	24.15	32.467	619.14	-0.56233	40.452	0.063443
970	0.10132	0.35182	2.8424	21.088	29.156	227.07	24.21	32.527	622.15	-0.57041	40.726	0.063925
980	0.10132	0.34823	2.8717	21.331	29.482	227.4	24.27	32.586	625.15	-0.57825	41	0.064406
990	0.10132	0.34471	2.901	21.574	29.808	227.73	24.328	32.645	628.14	-0.58586	41.272	0.064885
1000	0.10132	0.34127	2.9303	21.817	30.135	228.06	24.386	32.703	631.11	-0.59325	41.543	0.065363
